Time,X,Y,Z,Roll,Pitch,Yaw
8603.967,0.89,-1.286,0.235,-0.0,-0.0,-2.156
8604.967,0.89,-1.286,0.235,-0.0,-0.0,-2.156
8605.968,0.89,-1.286,0.235,0.0,0.0,-2.157
8606.967,0.89,-1.287,0.235,-0.0,0.0,-2.156
8607.967,0.89,-1.288,0.235,-0.0,0.0,-2.156
8608.967,0.89,-1.287,0.235,-0.0,0.0,-2.156
8609.967,0.892,-1.287,0.235,-0.0,0.0,-2.156
8610.967,0.891,-1.287,0.235,-0.0,-0.0,-2.156
8611.967,0.674,-1.613,0.235,-0.0,0.002,-2.157
8612.968,0.421,-1.999,0.235,-0.0,0.005,-2.178
8613.967,0.426,-2.027,0.235,-0.0,0.001,-3.096
8614.967,0.161,-1.922,0.235,-0.0,0.001,2.735
8615.967,-0.298,-1.723,0.235,-0.0,-0.0,2.733
8616.968,-0.758,-1.526,0.235,-0.0,-0.0,2.734
8617.967,-1.217,-1.327,0.235,-0.0,0.0,2.733
8618.967,-1.676,-1.129,0.235,-0.0,0.0,2.733
8619.967,-1.676,-1.129,0.235,-0.0,0.0,2.733
8620.967,-1.736,-0.751,0.235,-0.0,0.001,1.606
8621.967,-1.753,-0.251,0.235,-0.0,-0.0,1.605
8622.967,-1.772,0.251,0.235,-0.0,0.0,1.605
8623.967,-1.788,0.748,0.235,-0.0,-0.0,1.605
8624.968,-1.806,1.248,0.235,-0.0,-0.0,1.605
8625.967,-1.823,1.749,0.235,-0.0,0.0,1.606
8626.967,-1.841,2.251,0.235,-0.0,0.0,1.606
8627.968,-1.86,2.749,0.235,-0.0,0.0,1.606
8628.967,-1.877,3.25,0.235,-0.0,0.0,1.606
8629.967,-1.875,3.262,0.235,-0.0,0.0,1.605
8630.967,-1.857,3.263,0.235,-0.0,-0.0,2.256
8631.967,-1.878,3.28,0.235,-0.0,-0.005,3.066
8632.968,-2.378,3.31,0.235,-0.0,-0.001,3.081
8633.968,-2.878,3.341,0.235,-0.0,0.0,3.081
8634.968,-3.38,3.371,0.235,-0.0,0.0,3.081
8635.967,-3.877,3.4,0.235,-0.0,0.0,3.081
8636.967,-4.041,3.411,0.235,-0.0,0.003,3.081
8637.967,-4.034,3.428,0.235,-0.0,0.0,-2.564
8638.968,-4.05,3.444,0.235,-0.0,0.0,-1.815
8639.967,-4.062,3.446,0.235,-0.0,-0.0,-1.345
8640.968,-3.985,3.117,0.235,-0.0,-0.003,-1.344
8641.967,-3.872,2.63,0.235,-0.0,0.0,-1.344
8642.967,-3.875,2.62,0.235,-0.0,-0.001,-1.218
8643.967,-3.896,2.604,0.235,0.0,-0.0,-0.335
8644.967,-3.668,2.638,0.235,-0.0,-0.003,0.193
8645.967,-3.179,2.734,0.235,-0.0,-0.0,0.195
8646.967,-2.687,2.831,0.235,-0.0,-0.0,0.195
8647.967,-2.197,2.929,0.235,-0.0,-0.0,0.196
8648.967,-1.704,3.026,0.235,-0.0,-0.0,0.196
8649.967,-1.214,3.123,0.235,-0.0,0.0,0.195
8650.968,-0.721,3.222,0.235,-0.0,0.0,0.196
8651.968,-0.231,3.32,0.235,-0.0,0.0,0.195
8652.967,0.26,3.416,0.235,-0.0,-0.0,0.195
8653.967,0.75,3.513,0.235,-0.0,0.0,0.195
8654.967,1.013,3.573,0.235,-0.0,-0.001,-0.161
8655.967,1.032,3.589,0.235,0.0,0.0,-1.045
8656.967,1.071,3.309,0.235,-0.0,0.002,-1.478
8657.967,1.111,2.845,0.235,-0.0,0.004,-1.463
8658.968,1.088,2.834,0.235,-0.0,-0.001,-0.584
8659.967,1.264,2.832,0.235,-0.0,0.004,0.064
8660.967,1.761,2.864,0.235,-0.0,0.0,0.064
8661.967,2.261,2.896,0.235,-0.0,0.0,0.064
8662.967,2.759,2.929,0.235,-0.0,0.0,0.065
8663.967,2.93,2.923,0.235,-0.0,0.001,0.599
8664.967,2.939,2.911,0.235,0.0,0.0,1.012
8665.967,2.929,2.934,0.235,0.0,0.0,0.208
8666.968,2.939,2.956,0.235,0.0,-0.0,-0.63
8667.968,2.963,2.965,0.235,-0.0,-0.0,-1.45
8668.967,2.888,2.689,0.235,-0.0,0.003,-1.885
8669.967,2.825,2.541,0.235,-0.0,-0.013,-1.33
8670.967,2.993,2.085,0.235,-0.0,-0.016,-1.23
8671.967,3.148,1.641,0.236,-0.0,0.018,-1.247
8672.967,3.107,1.514,0.236,-0.0,0.011,-2.031
8673.967,2.886,1.069,0.235,-0.0,0.004,-2.031
8674.967,2.798,0.929,0.236,-0.0,0.018,-1.47
8675.967,2.888,0.836,0.235,-0.0,0.001,-0.736
8676.967,3.26,0.499,0.235,-0.0,0.0,-0.736
8677.967,3.63,0.164,0.235,-0.0,-0.0,-0.735
8678.967,3.699,0.077,0.235,0.0,-0.003,-0.067
8679.968,3.707,0.076,0.235,-0.0,-0.001,0.162
8680.968,3.718,0.098,0.235,-0.0,0.0,-0.687
8681.967,3.743,0.104,0.235,0.0,-0.0,-1.524
8682.967,3.666,-0.275,0.235,-0.0,-0.004,-1.784
8683.967,3.56,-0.762,0.235,-0.0,-0.002,-1.785
8684.968,3.454,-1.253,0.235,-0.0,0.0,-1.786
8685.967,3.346,-1.74,0.235,-0.0,0.0,-1.785
8686.967,3.273,-2.038,0.235,0.0,-0.002,-1.511
8687.967,3.253,-2.046,0.235,-0.0,0.002,-0.596
8688.967,3.241,-2.058,0.235,-0.0,0.0,-0.177
8689.967,3.25,-2.051,0.235,-0.0,-0.0,-0.455
8690.967,3.27,-2.039,0.235,0.0,0.0,-1.222
8691.968,3.353,-2.467,0.235,-0.0,0.002,-1.392
8692.967,3.432,-2.924,0.235,-0.0,0.006,-1.392
8693.967,3.425,-2.925,0.235,-0.0,0.002,-1.184
8694.968,3.403,-2.938,0.235,0.0,-0.0,-0.271
8695.967,3.401,-2.944,0.235,-0.0,-0.0,0.044
8696.967,3.413,-2.925,0.235,0.0,0.0,-0.558
8697.967,3.436,-2.917,0.235,-0.0,-0.0,-1.376
8698.968,3.408,-3.004,0.235,-0.0,0.005,-2.106
8699.968,3.202,-3.355,0.236,-0.0,0.007,-2.109
8700.967,3.211,-3.372,0.236,0.0,0.008,-2.522
8701.967,3.081,-3.372,0.235,-0.0,-0.001,3.006
8702.967,2.585,-3.302,0.235,-0.0,0.0,3.003
8703.967,2.088,-3.233,0.235,-0.0,-0.0,3.002
8704.967,1.781,-3.185,0.235,-0.0,-0.002,-3.011
8705.967,1.639,-3.301,0.235,-0.0,0.002,-2.385
8706.967,1.276,-3.643,0.235,-0.0,-0.001,-2.386
8707.967,1.237,-3.673,0.235,-0.0,-0.01,3.083
8708.967,0.741,-3.624,0.235,-0.0,0.001,3.043
8709.968,0.243,-3.573,0.235,-0.0,-0.001,3.043
8710.967,-0.254,-3.522,0.235,-0.0,0.0,3.042
8711.967,-0.752,-3.472,0.235,-0.0,0.0,3.042
8712.967,-1.25,-3.421,0.235,-0.0,0.0,3.042
8713.967,-1.75,-3.371,0.235,-0.0,0.0,3.043
8714.967,-2.246,-3.322,0.235,-0.0,0.0,3.043
8715.967,-2.507,-3.286,0.235,-0.0,-0.002,-2.879
8716.967,-2.784,-3.48,0.235,-0.0,-0.002,-2.521
8717.967,-3.191,-3.771,0.235,-0.0,0.0,-2.519
8718.967,-3.487,-3.989,0.235,0.0,0.005,-2.713
8719.967,-3.666,-3.961,0.235,-0.0,-0.009,2.89
8720.967,-4.153,-3.836,0.235,-0.0,0.004,2.89
8721.967,-4.462,-3.766,0.236,-0.0,0.008,2.612
8722.967,-4.487,-3.778,0.235,-0.0,-0.006,1.665
8723.968,-4.483,-3.292,0.235,-0.0,-0.002,1.557
8724.968,-4.476,-2.792,0.235,-0.0,0.0,1.558
8725.968,-4.484,-2.569,0.235,-0.0,0.003,1.117
8726.968,-4.496,-2.546,0.235,0.0,0.0,0.209
8727.967,-4.264,-2.604,0.235,-0.0,-0.004,-0.3
8728.967,-3.785,-2.752,0.235,-0.0,0.0,-0.298
8729.967,-3.307,-2.9,0.235,-0.0,0.0,-0.298
8730.967,-2.831,-3.045,0.235,-0.0,0.0,-0.298
8731.967,-2.353,-3.195,0.235,-0.0,0.0,-0.299
8732.967,-1.874,-3.342,0.235,-0.0,0.0,-0.299
8733.968,-1.397,-3.489,0.235,-0.0,0.0,-0.299
8734.967,-0.918,-3.637,0.235,-0.0,0.0,-0.299
8735.967,-0.774,-3.693,0.235,-0.0,-0.0,0.26
8736.967,-0.76,-3.718,0.235,0.0,-0.0,1.176
8737.967,-0.606,-3.257,0.235,-0.0,0.0,1.253
8738.967,-0.45,-2.781,0.235,0.0,0.0,1.254
8739.967,-0.295,-2.306,0.235,-0.0,0.0,1.253
8740.967,-0.244,-2.205,0.235,-0.0,0.002,1.904
8741.967,-0.45,-1.767,0.235,-0.0,-0.016,2.004
8742.967,-0.661,-1.308,0.236,-0.0,0.007,2.003
8743.968,-0.87,-0.856,0.235,-0.0,-0.003,2.003
8744.967,-1.081,-0.401,0.235,-0.0,-0.0,2.003
8745.967,-1.289,0.053,0.235,0.0,0.0,2.003
8746.968,-1.499,0.506,0.235,-0.0,0.0,2.003
8747.967,-1.711,0.96,0.235,-0.0,0.0,2.003
8748.968,-1.812,1.154,0.235,-0.0,-0.003,1.528
8749.967,-1.733,1.27,0.236,-0.0,0.013,0.826
8750.968,-1.397,1.636,0.235,-0.0,-0.002,0.825
8751.967,-1.056,2.004,0.235,-0.0,-0.002,0.825
8752.967,-0.718,2.371,0.235,-0.0,0.0,0.825
8753.967,-0.379,2.738,0.235,-0.0,0.0,0.825
8754.967,-0.039,3.105,0.235,0.0,0.0,0.825
8755.967,0.137,3.311,0.235,-0.0,0.002,0.442
8756.967,0.141,3.336,0.235,-0.0,0.001,-0.467
8757.968,0.218,3.225,0.235,-0.0,-0.004,-1.106
8758.967,0.444,2.777,0.235,-0.0,0.002,-1.106
8759.967,0.669,2.331,0.235,-0.0,0.0,-1.105
8760.967,0.893,1.885,0.235,-0.0,0.0,-1.105
8761.967,1.117,1.438,0.235,-0.0,0.0,-1.105
8762.967,1.117,1.438,0.235,-0.0,0.0,-1.105
8763.967,1.237,1.15,0.235,0.0,-0.001,-0.585
8764.967,1.405,0.914,0.235,-0.0,0.003,-0.994
8765.967,1.678,0.494,0.235,-0.0,0.0,-0.995
8766.967,1.95,0.075,0.235,-0.0,-0.0,-0.995
8767.968,2.221,-0.344,0.235,-0.0,0.0,-0.996
8768.967,2.397,-0.608,0.235,-0.0,-0.002,-1.285
8769.967,2.401,-0.647,0.235,-0.0,-0.009,-2.19
8770.967,2.104,-1.052,0.235,-0.0,0.004,-2.206
8771.967,1.808,-1.454,0.235,-0.0,-0.001,-2.205
8772.967,1.511,-1.857,0.235,0.0,-0.0,-2.205
8773.967,1.215,-2.259,0.235,-0.0,0.0,-2.205
8774.967,0.92,-2.661,0.235,-0.0,-0.0,-2.206
8775.967,0.623,-3.063,0.235,-0.0,-0.0,-2.205
8776.967,0.381,-3.398,0.235,-0.0,-0.004,-2.309
8777.967,0.382,-3.428,0.235,-0.0,0.002,3.043
8778.967,-0.091,-3.332,0.235,-0.0,-0.005,2.939
8779.967,-0.226,-3.282,0.236,-0.0,-0.043,2.299
8780.967,-0.39,-3.108,0.238,-0.0,0.033,1.816
8781.967,-0.332,-2.834,0.235,0.0,0.002,1.334
8782.967,-0.215,-2.349,0.235,-0.0,0.004,1.334
8783.967,-0.253,-2.211,0.235,-0.0,0.003,1.95
8784.967,-0.322,-1.978,0.236,-0.0,-0.023,1.437
8785.968,-0.252,-1.477,0.236,-0.0,0.012,1.432
8786.967,-0.184,-0.983,0.235,-0.0,0.003,1.432
8787.967,-0.115,-0.49,0.235,-0.0,-0.005,1.432
8788.967,-0.046,0.006,0.235,-0.0,0.001,1.432
8789.967,-0.043,0.019,0.235,-0.0,0.0,1.431
8790.967,-0.043,0.02,0.235,-0.0,0.0,1.431
8791.967,-0.043,0.019,0.235,-0.0,0.0,1.431
8792.967,-0.043,0.018,0.235,-0.0,0.0,1.431
8793.967,-0.043,0.02,0.235,-0.0,0.0,1.431
8794.967,-0.042,0.019,0.235,-0.0,0.0,1.43
8795.968,-0.042,0.019,0.235,-0.0,0.0,1.43
8796.968,-0.042,0.02,0.235,-0.0,0.0,1.43
8797.967,-0.04,0.019,0.235,-0.0,0.0,1.43
