Time,X,Y,Z,Roll,Pitch,Yaw
8603.967,0.89,-1.286,0.235,-0.0,-0.0,-2.156
8604.967,0.89,-1.286,0.235,-0.0,-0.0,-2.156
8605.968,0.89,-1.286,0.235,0.0,0.0,-2.156
8606.967,0.891,-1.286,0.235,-0.0,0.0,-2.156
8607.967,0.891,-1.286,0.235,-0.0,0.0,-2.156
8608.967,0.891,-1.286,0.235,-0.0,0.0,-2.156
8609.967,0.891,-1.286,0.235,-0.0,0.0,-2.156
8610.967,0.891,-1.286,0.235,-0.0,-0.0,-2.156
8611.967,0.673,-1.612,0.235,-0.0,0.002,-2.157
8612.968,0.42,-1.999,0.235,-0.0,0.006,-2.178
8613.967,0.426,-2.027,0.235,0.003,-0.002,-3.096
8614.967,0.16,-1.923,0.235,-0.0,0.001,2.735
8615.967,-0.299,-1.724,0.234,-0.0,0.002,2.733
8616.968,-0.758,-1.527,0.235,-0.0,-0.0,2.733
8617.967,-1.218,-1.328,0.235,-0.0,0.0,2.733
8618.967,-1.677,-1.13,0.235,-0.0,0.0,2.733
8619.967,-1.716,-1.137,0.235,-0.003,0.003,1.875
8620.967,-1.737,-0.75,0.235,-0.0,0.002,1.606
8621.967,-1.754,-0.251,0.235,-0.0,-0.001,1.605
8622.967,-1.773,0.251,0.235,-0.0,-0.0,1.604
8623.967,-1.789,0.749,0.235,-0.0,-0.0,1.605
8624.968,-1.806,1.25,0.235,-0.0,-0.0,1.605
8625.967,-1.823,1.75,0.235,-0.0,-0.0,1.605
8626.967,-1.84,2.252,0.235,-0.0,0.0,1.605
8627.968,-1.859,2.751,0.235,-0.0,-0.0,1.605
8628.967,-1.876,3.251,0.235,-0.0,0.0,1.605
8629.967,-1.875,3.264,0.235,-0.0,0.005,1.605
8630.967,-1.856,3.265,0.235,0.003,0.004,2.256
8631.967,-1.878,3.281,0.235,-0.0,-0.005,3.065
8632.968,-2.378,3.311,0.233,-0.0,0.004,3.08
8633.968,-2.878,3.343,0.235,-0.0,-0.0,3.08
8634.968,-3.379,3.373,0.235,-0.0,-0.0,3.08
8635.967,-3.876,3.402,0.235,-0.0,0.0,3.08
8636.967,-4.04,3.412,0.235,-0.0,0.003,3.08
8637.967,-4.033,3.43,0.235,-0.001,-0.002,-2.565
8638.968,-4.049,3.445,0.235,0.0,0.0,-1.816
8639.967,-4.061,3.446,0.235,-0.0,-0.0,-1.346
8640.968,-3.984,3.118,0.235,0.0,-0.003,-1.345
8641.967,-3.871,2.631,0.236,0.0,-0.002,-1.345
8642.967,-3.873,2.619,0.235,0.001,0.005,-1.219
8643.967,-3.895,2.604,0.235,-0.002,-0.002,-0.336
8644.967,-3.666,2.638,0.235,0.0,-0.003,0.192
8645.967,-3.177,2.734,0.234,0.0,0.002,0.195
8646.967,-2.686,2.83,0.235,-0.0,-0.0,0.195
8647.967,-2.195,2.928,0.235,0.0,-0.0,0.195
8648.967,-1.703,3.024,0.235,0.0,-0.0,0.195
8649.967,-1.213,3.122,0.235,0.0,-0.0,0.195
8650.968,-0.72,3.22,0.235,0.0,-0.0,0.195
8651.968,-0.231,3.318,0.235,0.0,-0.0,0.195
8652.967,0.26,3.413,0.235,0.0,-0.0,0.195
8653.967,0.75,3.511,0.235,0.0,-0.0,0.195
8654.967,1.013,3.571,0.235,-0.0,-0.001,-0.161
8655.967,1.033,3.586,0.235,-0.001,0.001,-1.045
8656.967,1.071,3.306,0.235,0.0,0.002,-1.478
8657.967,1.111,2.843,0.236,-0.0,0.001,-1.464
8658.968,1.088,2.832,0.235,-0.002,-0.003,-0.584
8659.967,1.264,2.829,0.235,-0.0,0.003,0.064
8660.967,1.761,2.86,0.236,0.0,-0.002,0.064
8661.967,2.262,2.893,0.235,0.0,-0.0,0.064
8662.967,2.762,2.926,0.235,0.0,-0.0,0.065
8663.967,2.927,2.918,0.235,-0.0,0.001,0.598
8664.967,2.94,2.908,0.235,0.0,0.001,1.012
8665.967,2.93,2.93,0.235,-0.0,0.0,0.207
8666.968,2.943,2.951,0.235,0.0,-0.0,-0.629
8667.968,2.966,2.96,0.235,-0.0,0.0,-1.449
8668.967,2.892,2.685,0.235,0.0,0.003,-1.883
8669.967,2.828,2.539,0.235,-0.0,-0.014,-1.328
8670.967,2.994,2.082,0.235,0.0,-0.015,-1.229
8671.967,3.149,1.638,0.241,0.0,0.003,-1.246
8672.967,3.107,1.51,0.289,-0.009,0.024,-2.031
8673.967,2.885,1.068,0.23,0.0,0.015,-2.031
8674.967,2.797,0.927,0.236,0.004,0.025,-1.469
8675.967,2.89,0.832,0.232,0.011,0.018,-0.736
8676.967,3.259,0.499,0.235,0.0,-0.0,-0.735
8677.967,3.629,0.164,0.235,0.0,-0.0,-0.735
8678.967,3.696,0.076,0.235,-0.0,-0.003,-0.066
8679.967,3.696,0.076,0.235,-0.0,-0.003,-0.066
8680.968,3.718,0.098,0.235,0.0,0.0,-0.686
8681.967,3.743,0.103,0.235,0.0,-0.0,-1.523
8682.967,3.667,-0.277,0.236,0.0,-0.011,-1.785
8683.967,3.559,-0.764,0.234,0.0,0.001,-1.784
8684.968,3.453,-1.253,0.235,-0.0,0.0,-1.785
8685.967,3.346,-1.742,0.235,-0.0,0.0,-1.784
8686.967,3.272,-2.04,0.235,0.0,-0.002,-1.511
8687.967,3.251,-2.047,0.235,0.0,0.002,-0.596
8688.967,3.242,-2.059,0.235,-0.0,-0.001,-0.177
8689.967,3.248,-2.052,0.235,-0.0,-0.0,-0.454
8690.967,3.269,-2.04,0.235,0.0,0.0,-1.222
8691.968,3.351,-2.471,0.234,0.0,0.007,-1.393
8692.967,3.433,-2.925,0.235,0.0,0.006,-1.392
8693.967,3.425,-2.925,0.235,-0.001,-0.001,-1.183
8694.968,3.404,-2.937,0.235,-0.001,-0.001,-0.27
8695.967,3.402,-2.945,0.235,-0.001,-0.001,0.044
8696.967,3.417,-2.929,0.235,0.0,-0.0,-0.558
8697.967,3.443,-2.919,0.235,0.0,-0.0,-1.374
8698.968,3.412,-3.004,0.235,0.0,0.005,-2.104
8699.968,3.204,-3.357,0.236,0.0,0.004,-2.108
8700.967,3.212,-3.373,0.235,-0.002,0.012,-2.52
8701.967,3.078,-3.374,0.234,-0.003,0.006,3.004
8702.967,2.582,-3.306,0.235,-0.0,-0.0,3.003
8703.967,2.086,-3.236,0.235,-0.0,0.0,3.003
8704.967,1.779,-3.188,0.235,-0.0,-0.002,-3.01
8705.967,1.639,-3.301,0.235,0.0,0.003,-2.385
8706.967,1.277,-3.644,0.234,-0.0,0.001,-2.386
8707.967,1.238,-3.67,0.235,0.001,-0.012,3.084
8708.967,0.742,-3.623,0.236,-0.0,-0.005,3.043
8709.968,0.245,-3.572,0.236,-0.0,-0.004,3.043
8710.967,-0.255,-3.521,0.235,-0.0,0.0,3.042
8711.967,-0.754,-3.472,0.235,-0.0,0.0,3.043
8712.967,-1.252,-3.422,0.235,-0.0,0.0,3.042
8713.967,-1.75,-3.372,0.235,-0.0,0.0,3.042
8714.967,-2.247,-3.322,0.235,-0.0,0.0,3.043
8715.967,-2.509,-3.287,0.235,-0.0,-0.002,-2.879
8716.967,-2.785,-3.479,0.234,0.0,0.002,-2.52
8717.967,-3.191,-3.772,0.235,0.0,0.0,-2.52
8718.967,-3.486,-3.991,0.235,-0.0,0.005,-2.714
8719.967,-3.665,-3.961,0.235,-0.001,-0.007,2.89
8720.967,-4.151,-3.837,0.235,-0.0,0.002,2.89
8721.967,-4.459,-3.768,0.236,0.0,0.007,2.612
8722.967,-4.486,-3.778,0.235,0.0,-0.006,1.665
8723.968,-4.481,-3.294,0.236,-0.0,-0.006,1.557
8724.968,-4.473,-2.793,0.235,-0.0,-0.002,1.556
8725.968,-4.482,-2.57,0.235,0.0,0.003,1.118
8726.968,-4.494,-2.545,0.235,-0.0,0.0,0.21
8727.967,-4.263,-2.605,0.235,0.0,-0.004,-0.298
8728.967,-3.784,-2.753,0.235,0.0,0.0,-0.299
8729.967,-3.307,-2.9,0.235,0.0,-0.0,-0.299
8730.967,-2.83,-3.049,0.235,0.0,-0.0,-0.299
8731.967,-2.352,-3.196,0.235,0.0,-0.0,-0.3
8732.967,-1.872,-3.343,0.235,0.0,-0.0,-0.299
8733.968,-1.395,-3.49,0.235,0.0,-0.0,-0.299
8734.967,-0.919,-3.637,0.235,0.0,-0.0,-0.3
8735.967,-0.772,-3.693,0.235,-0.001,-0.004,0.257
8736.967,-0.758,-3.72,0.235,0.0,0.0,1.175
8737.967,-0.604,-3.258,0.234,-0.0,0.006,1.253
8738.967,-0.448,-2.782,0.235,0.0,-0.001,1.253
8739.967,-0.292,-2.307,0.235,-0.0,-0.0,1.253
8740.967,-0.242,-2.206,0.235,0.0,0.002,1.903
8741.967,-0.449,-1.767,0.232,0.0,0.001,2.004
8742.967,-0.658,-1.31,0.235,-0.0,-0.002,2.003
8743.968,-0.867,-0.858,0.244,-0.0,-0.017,2.003
8744.967,-1.079,-0.402,0.235,-0.0,-0.001,2.003
8745.967,-1.288,0.051,0.235,-0.0,0.0,2.003
8746.968,-1.499,0.505,0.235,-0.0,-0.0,2.003
8747.967,-1.71,0.96,0.235,-0.0,-0.0,2.002
8748.968,-1.811,1.157,0.235,-0.001,0.001,1.529
8749.967,-1.733,1.272,0.236,-0.004,0.015,0.826
8750.968,-1.396,1.636,0.234,-0.0,-0.001,0.825
8751.967,-1.057,2.002,0.239,0.0,-0.009,0.825
8752.967,-0.718,2.371,0.235,-0.0,-0.0,0.825
8753.967,-0.377,2.737,0.235,0.0,-0.0,0.825
8754.967,-0.038,3.104,0.235,0.0,-0.0,0.825
8755.967,0.137,3.31,0.235,0.001,-0.002,0.443
8756.967,0.144,3.335,0.235,0.005,-0.001,-0.467
8757.968,0.219,3.225,0.235,0.0,-0.004,-1.104
8758.967,0.444,2.776,0.235,0.0,0.003,-1.106
8759.967,0.67,2.33,0.235,0.0,0.0,-1.106
8760.967,0.893,1.883,0.235,0.0,0.0,-1.106
8761.967,1.115,1.436,0.235,0.0,0.0,-1.105
8762.967,1.243,1.153,0.235,-0.0,-0.003,-0.82
8763.967,1.236,1.147,0.235,-0.0,-0.001,-0.585
8764.967,1.404,0.912,0.236,-0.0,-0.0,-0.996
8765.967,1.678,0.492,0.235,0.0,-0.0,-0.996
8766.967,1.95,0.072,0.235,0.0,0.001,-0.996
8767.968,2.22,-0.345,0.235,0.0,0.0,-0.996
8768.967,2.398,-0.608,0.235,0.0,-0.002,-1.286
8769.967,2.401,-0.647,0.235,0.0,-0.009,-2.192
8770.967,2.104,-1.053,0.234,-0.0,0.009,-2.206
8771.967,1.808,-1.455,0.234,-0.0,-0.0,-2.206
8772.967,1.512,-1.856,0.235,0.0,-0.0,-2.205
8773.967,1.216,-2.258,0.235,0.0,0.0,-2.205
8774.967,0.918,-2.66,0.235,0.0,0.0,-2.205
8775.967,0.623,-3.064,0.235,-0.0,0.0,-2.205
8776.967,0.381,-3.399,0.235,0.0,-0.004,-2.308
8777.967,0.382,-3.43,0.235,0.0,0.002,3.042
8778.967,-0.095,-3.331,0.234,-0.001,-0.003,2.938
8779.967,-0.225,-3.282,0.235,-0.003,-0.039,2.299
8780.967,-0.386,-3.112,0.243,0.014,0.012,1.818
8781.967,-0.335,-2.833,0.23,-0.013,0.019,1.334
8782.967,-0.214,-2.349,0.239,-0.0,-0.004,1.334
8783.967,-0.254,-2.212,0.236,-0.003,-0.002,1.951
8784.967,-0.321,-1.979,0.233,-0.003,-0.017,1.437
8785.968,-0.253,-1.478,0.242,0.002,-0.001,1.433
8786.967,-0.185,-0.979,0.229,-0.0,0.014,1.432
8787.967,-0.114,-0.488,0.239,-0.0,-0.012,1.432
8788.967,-0.044,0.01,0.232,-0.0,0.006,1.432
8789.967,-0.043,0.021,0.235,-0.0,0.002,1.432
8790.967,-0.043,0.02,0.235,-0.0,-0.0,1.431
8791.967,-0.043,0.02,0.235,-0.0,-0.0,1.431
8792.967,-0.043,0.02,0.235,-0.0,-0.0,1.431
8793.967,-0.043,0.02,0.235,-0.0,-0.0,1.43
8794.967,-0.043,0.02,0.235,-0.0,-0.0,1.43
8795.968,-0.043,0.02,0.235,-0.0,-0.0,1.43
8796.968,-0.043,0.02,0.235,-0.0,-0.0,1.43
8797.967,-0.043,0.02,0.235,-0.0,-0.0,1.43
